Método de Newton:
No intervalo [-1, 0]
	k	     xk		   f(xk)	   f'(xk)	   erro
	0	-1		-16	68	0.42264973081037427
	1	-0.7647058823529411		-4.500464483395157	32.91306378036661	0.1873556131633154
	2	-0.6279679440854078		-0.9258880052310117	20.14915069575879	0.05061767489578206
	3	-0.5820162303277703		-0.07782297815803929	16.83539233056411	0.004665961138144548
	4	-0.5773936485292603		-0.0007168225490987723	16.5259569629542	4.337933963460827e-05
	5	-0.5773502729746279		-6.253986839510617e-08	16.523073378826496	3.785002200551446e-09
	6	-0.5773502691896257		-6.253986839510617e-08	16.523073378826496	0.0
